hgvs,score,epsilon,se
_wt,0.5262762752665993,0.9917485634370623,0.7731466545898464
c.684A>T,0.8140100892498147,0.9117849005676896,0.5670262149089003
c.199A>T,0.3983470987124146,0.023399799533923127,0.6674557578214461
c.610A>T,0.8580976857151085,0.45177584940289905,0.004762459949272491
c.208A>T,0.25021590759171564,0.5951706050835225,0.4899501910456173
c.515A>T,0.8337944177165784,0.5671596416238397,0.22893619907787854
c.22A>T,0.9413052158171753,0.9734744565627221,0.10374281498969173
c.391A>T,0.9070714347120624,0.9193394659594828,0.9800535460880797
c.652A>T,0.4249606562100334,0.8717712777420008,0.9623081834912105
c.438A>T,0.7435807634892105,0.7561663491585684,0.4936030700954024
c.339A>T,0.7259296982612884,0.6885432116599525,0.12566168373299758
c.562A>T,0.615903160778041,0.0639120489313556,0.8438455583956636
c.433A>T,0.015010528060053319,0.6214017306893153,0.6471856050909734
c.257A>T,0.3279831142035119,0.9364766463299858,0.5578622255793749
c.859A>T,0.9101965830469042,0.48454263617067317,0.9281569356449318
c.846A>T,0.09969017981342321,0.8558932511041868,0.610883242750605
c.503A>T,0.08212817409793416,0.32836977173367043,0.3156552009221192
c.350A>T,0.45634181639003857,0.6668435513830516,0.4195734501156081
c.754A>T,0.9352652147518242,0.4413963108264636,0.33173053531551355
c.318A>T,0.167219489451353,0.13755937193314993,0.20283275580970073
c.394A>T,0.5686949919834873,0.3139365603266917,0.19261146144590524
c.461A>T,0.26843153167242906,0.986033325090373,0.02358900078858428
c.229A>T,0.9592100969899061,0.9006481623375946,0.352383682785367
c.38A>T,0.5790189450648292,0.22675658152089184,0.12994469957339772
c.405A>T,0.7911519151159295,0.1876000289573092,0.8929831466466166
c.705A>T,0.24738238273205804,0.8021209212445852,0.8468632818748711
c.64A>T,0.6628896412071332,0.2671374048218996,0.3796976451185913
c.978A>T,0.2148989932809151,0.5104217179229207,0.809265616698775
c.474A>T,0.35441392126099125,0.17317801631148,0.09195071371375119
c.63A>T,0.7474437792506031,0.8442351603929488,0.645595936648883
c.46A>T,0.606517213396406,0.48551400481106566,0.1778070226837155
c.353A>T,0.2827130686478053,0.3107004563499399,0.5453660792121523
c.226A>T,0.43116719728357156,0.9766624061409109,0.048236678804689515
c.770A>T,0.9228773695434238,0.9585734834741731,0.21978913451507487
c.942A>T,0.14430939103816864,0.1165336057364782,0.6819011639057676
c.939A>T,0.8204631773819419,0.07647917638969548,0.719554161026138
c.914A>T,0.21251012280240333,0.7093485852118503,0.39326254823408
c.948A>T,0.9990240205098383,0.3773441082462128,0.047154950685147634
c.3A>T,0.6877872152508611,0.29712078061589253,0.799251585932471
c.480A>T,0.04333360570730216,0.9872076679667626,0.3123465834257665
c.104A>T,0.7869581227578228,0.513366238340095,0.3610833895679185
c.978A>T,0.06416774971522865,0.21751661946466194,0.17729423839427072
c.921A>T,0.2794379544147254,0.6091169530433791,0.7222628489890961
c.613A>T,0.137769560911282,0.17235531433295348,0.26640152522004634
c.622A>T,0.25133150018470996,0.14682013307043484,0.8886663847919574
c.827A>T,0.9223064673879325,0.14997356791509042,0.26193978517615624
c.744A>T,0.6797775363532337,0.9519115195935501,0.6046959587078223
c.158A>T,0.3124320151945783,0.5942790195617295,0.1706361065249683
c.86A>T,0.47378475751925486,0.1404499011902567,0.4139165702516657
c.203A>T,0.3500139027308299,0.8624151745541145,0.6919487962169995
c.993A>T,0.9722874047410477,0.5143945663466264,0.07516282079336989
c.25A>T,0.3238718710250871,0.33673024802372997,0.4288014548429274
c.941A>T,0.6810636819361834,0.17368278885330923,0.9870248216693267
c.398A>T,0.9751584035943573,0.995928142680809,0.5916940196119277
c.601A>T,0.8353487701613799,0.5104748091778437,0.4467937288079673
c.126A>T,0.2795318536258049,0.638789050361258,0.5636088928129888
c.27A>T,0.6314527411254701,0.32616762662266785,0.10228943280822911
c.45A>T,0.8234825762002778,0.803209156865892,0.16312473158544571
c.612A>T,0.42072361604351505,0.4684814628520909,0.6629830481211066
c.647A>T,0.19619111319110183,0.8198991030585611,0.05508755356048023
c.148A>T,0.1746775392561336,0.13811769642058758,0.7793572263151856
c.615A>T,0.5280484771850231,0.9645712153847068,0.26843594210348365
c.702A>T,0.4697780995906582,0.40016287439231013,0.04169250332783758
c.402A>T,0.6131103912927046,0.13623466774866755,0.8966042725886257
c.488A>T,0.9310256339078729,0.8524232491661514,0.1716218605719586
c.926A>T,0.6699143320867319,0.41294217967592617,0.5840005837915456
c.867A>T,0.26450592555558916,0.7933140284506842,0.13627136334767587
c.145A>T,0.9985401409362942,0.9842332256681129,0.6890826713132737
c.329A>T,0.6941485605363816,0.011176828567153962,0.49319190718831896
c.975A>T,0.08740287705390581,0.5611587506767024,0.6757829762762271
c.92A>T,0.21052107284830734,0.22421198771251327,0.543143242444938
c.336A>T,0.11424513498057143,0.7944252499258454,0.6532940393663206
c.563A>T,0.9451161129867123,0.7227153785618732,0.5880030422086087
c.663A>T,0.344662880686199,0.22461339331593222,0.018266941951524673
c.320A>T,0.9612118785215017,0.6140287531225371,0.6229106510909849
c.103A>T,0.9962587783142433,0.01641072592943671,0.07546877591766887
c.664A>T,0.6121947136702615,0.6467429285607901,0.8793513508103574
c.547A>T,0.5548805533379211,0.8498928461654519,0.3724951589820833
c.416A>T,0.17833524317241967,0.9752435945495138,0.7642875069812781
c.838A>T,0.9100583986263018,0.0298490468882745,0.026483315900219573
c.953A>T,0.32716442859741646,0.9576420115622986,0.18302852726523433
c.648A>T,0.28088369198059127,0.020644766865042574,0.298663917248168
c.175A>T,0.13896464550385224,0.26121746508002774,0.9308086716761215
c.881A>T,0.3202959434816799,0.4946719703799344,0.7516145546123741
c.274A>T,0.01956826822389124,0.9890756059853678,0.7114837908884004
c.194A>T,0.9671086165779752,0.7106230687557937,0.7102212004966207
c.751A>T,0.2211068762659446,0.946527501932742,0.40963068328982577
c.865A>T,0.8255357162914757,0.8497220833971761,0.9743268558997783
c.339A>T,0.32128724586073576,0.9151475966318524,0.21554725933020213
c.85A>T,0.3084652648860853,0.18535892527338482,0.09623922487238068
c.996A>T,0.21479388284696344,0.345550269275669,0.5368846150167189
c.62A>T,0.37042203470574364,0.9403760101702148,0.6647868951323709
c.302A>T,0.8386439991105762,0.27431779726485095,0.8264161658942011
c.845A>T,0.6822167145823049,0.11080253656976602,0.2562545617986629
c.989A>T,0.9856621564937874,0.4378590304780665,0.43782423204899645
c.658A>T,0.5665795072362273,0.8024767408121921,0.8221727781639763
c.84A>T,0.8534001601267407,0.6786195784910042,0.7591929324894086
c.883A>T,0.7437761431835517,0.7863122377609642,0.7187854846028824
c.417A>T,0.5512791175120355,0.6289559713693184,0.5463626285601761
c.518A>T,0.43763235683246493,0.2122040282923674,0.5196122518507549
c.369A>T,0.08600095843359001,0.46859121783521607,0.031222535587640987
c.400A>T,0.5731836948105938,0.8915791325626952,0.8656602784133606
c.586A>T,0.6181539240885316,0.9484007003018528,0.14248958738184236
c.685A>T,0.6762246492591072,0.9746817086582281,0.8005374585910301
c.946A>T,0.05559683625569378,0.09047746170951598,0.8792279562783104
c.346A>T,0.22310972171201693,0.6490235573157382,0.9157226069464794
c.419A>T,0.9827546687818141,0.1821859408886891,0.4692840668198627
c.317A>T,0.1503451450365737,0.7861007146193327,0.8029075191454468
c.658A>T,0.9909813006957354,0.39215375387336937,0.892676068777474
c.695A>T,0.5724714038428226,0.8500085731333283,0.18469100251851833
c.127A>T,0.07913676681837689,0.9662812601472974,0.3909068142626678
c.7A>T,0.11785894450804091,0.673009654863372,0.014251124796755943
c.723A>T,0.345177186819673,0.7581474049263776,0.09012593586644213
c.917A>T,0.6928787511979868,0.13973632197079067,0.3872885914991574
c.713A>T,0.9394856993177093,0.7090900021253277,0.5773491720142705
c.879A>T,0.004443554470218047,0.5932940824760066,0.6093736372750185
c.314A>T,0.529322997310112,0.6537800875397607,0.13719595749552804
c.710A>T,0.9959423123010835,0.7651596257727569,0.5120754320077363
c.236A>T,0.6294029049268871,0.35881196255537806,0.32085773175024845
c.734A>T,0.08868425543709091,0.8970690339380024,0.16135074107272895
c.137A>T,0.023598569114682166,0.5404208199374129,0.1226423298723921
c.935A>T,0.8389282616536444,0.8168318538912916,0.7816943862152155
c.80A>T,0.48734222115537673,0.5339036289172836,0.8609650876176674
c.970A>T,0.25398506332770865,0.2723474803002863,0.2650632105298404
c.521A>T,0.33312117971842325,0.10853586789117964,0.12947364041599996
c.820A>T,0.24804689247122924,0.6734093433849253,0.3718118384845479
c.428A>T,0.7106261873848992,0.5980801402887055,0.8022707063554968
c.742A>T,0.7336037268159223,0.4172775305972204,0.32033786986275314
c.216A>T,0.9378072234905858,0.7935782495627562,0.9211246354003185
c.568A>T,0.25467845433849134,0.47768660932991325,0.4106851823353429
c.367A>T,0.6765843144406437,0.5676663525525597,0.36635399644416555
c.543A>T,0.5621262647418181,0.22781395645764724,0.6785586236850635
c.694A>T,0.23470438613084732,0.7655703072353973,0.7238171193105624
c.998A>T,0.41240718494305695,0.839168977012782,0.5500919478332859
c.928A>T,0.05073325076397117,0.6173808578452761,0.3128319160180474
c.296A>T,0.49799600992761783,0.3550893990950641,0.7201075624584674
c.83A>T,0.5194630610793713,0.3365011901179237,0.2880796702861651
c.342A>T,0.6395002828371302,0.9653660206249842,0.7656439980423118
c.833A>T,0.27462081150172946,0.4544549152974273,0.6240587590356081
c.182A>T,0.612500702458726,0.017323118323589792,0.4379034215318238
c.610A>T,0.20104097450831582,0.17423956829905662,0.5168367469805779
c.46A>T,0.8356536849076209,0.08070824774843088,0.8411099016094877
c.371A>T,0.34500347039513024,0.24533437898510813,0.8488530127149211
c.862A>T,0.3140457673299579,0.9708615983475467,0.37751444586780036
c.864A>T,0.2179423425806648,0.2837543028004693,0.49824797960110334
c.922A>T,0.974122508354469,0.029222727956896066,0.3554349732836919
c.846A>T,0.8761028621367138,0.7089046615642765,0.6992653671803887
c.168A>T,0.00992846006196113,0.46596671515539345,0.9331689794309305
c.704A>T,0.6957966328557926,0.5983557812805292,0.14791574102707672
c.640A>T,0.6961049422529495,0.7108817258023613,0.3062519964405772
c.506A>T,0.5095279937839613,0.23469206562311828,0.11384922666461927
c.519A>T,0.03099977623284822,0.001847898092741329,0.42581071287991
c.16A>T,0.11910732244244704,0.8147724788175468,0.4166632530879487
c.377A>T,0.6546743015508151,0.7086197773160228,0.6562631593968188
c.476A>T,0.48706743838166566,0.3412990025638609,0.7375784459625433
c.867A>T,0.08254449415685805,0.7571492101739549,0.4200050115445475
c.454A>T,0.5925406514115662,0.1826383028317683,0.6952717552946145
c.891A>T,0.5864842383050164,0.5383852738730163,0.9520525501054126
c.686A>T,0.7340963495216285,0.16522275621430593,0.24583417638956784
c.523A>T,0.9449694638750296,0.738307629123566,0.8965084621940896
c.125A>T,0.45289629061099024,0.8406922168288179,0.42508376142336657
c.127A>T,0.30342378554757654,0.3478395049603399,0.9122309280688304
c.962A>T,0.8289517897979437,0.7781522935496394,0.8564449559081421
c.840A>T,0.7719060590886867,0.7089312260001097,0.9655454147199259
c.456A>T,0.17362457994267533,0.15427169226021675,0.43973034488522
c.691A>T,0.39916069719767766,0.0495594017030806,0.44951340338489953
c.744A>T,0.07591859317572547,0.39073072869217673,0.011636220325987656
c.96A>T,0.14512598036967062,0.5826500671174435,0.00024354972479700976
c.996A>T,0.033193799114747624,0.5805049797348633,0.17233370112901902
c.825A>T,0.6001454612241864,0.6369132497605472,0.812520618988935
c.769A>T,0.24465394161492915,0.52186672473399,0.01977187668395508
c.732A>T,0.11286014379572318,0.27880941615665344,0.9478360816625232
c.361A>T,0.15730255829879125,0.5883898391693437,0.17396646582671205
c.384A>T,0.5934183704277337,0.6947690820776616,0.7017907837765404
c.814A>T,0.2888214294871104,0.6882892542679694,0.0234950053828471
c.458A>T,0.5585042889357561,0.07801204156019081,0.23823822088635738
c.432A>T,0.2128467301301199,0.6087425624079743,0.029974768290692344
c.20A>T,0.735473672625765,0.9071979921995136,0.8655506961869871
c.870A>T,0.6864715404985615,0.5871772386840277,0.7762420424285844
c.746A>T,0.5998007189653564,0.6503611588936712,0.9740157234270512
c.868A>T,0.4948344947143263,0.5819924463576164,0.7341347534686162
c.568A>T,0.05038817261913697,0.8495064415724278,0.13475811453180964
c.251A>T,0.10539147530915427,0.7574513626882325,0.5741678458651678
c.523A>T,0.061444095116685804,0.34240865885441085,0.8611291773681424
c.510A>T,0.4278120110387337,0.5320743895968919,0.21267806083564755
c.866A>T,0.6040832260531755,0.20055914309054124,0.13603419030451636
c.648A>T,0.618355187549179,0.21239074634322308,0.07394641396396662
c.231A>T,0.21929524256340327,0.9640357776097078,0.4710163225848655
c.506A>T,0.8195644888671894,0.5280049851294649,0.4595158950588053
c.644A>T,0.12378807055649321,0.08186692341624202,0.1967397204021435
c.419A>T,0.8867702734451932,0.4665099333765842,0.08916498655304228
c.823A>T,0.5323545036798407,0.5952458909920428,0.8220187349012905
c.854A>T,0.7727819874671374,0.000985431163156636,0.28717489341595825
c.280A>T,0.5022193727318434,0.3663838288346686,0.25829459093741713
c.265A>T,0.764827887882661,0.008610351884958511,0.7242435047514243
c.318A>T,0.810514454675831,0.17512929600741511,0.19962491996936382
c.827A>T,0.4274577949269841,0.9772911347684403,0.42587841262438497
c.7A>T,0.668787370611452,0.742244745817731,0.7769854213252102
c.979A>T,0.22207589376485937,0.27058920317298785,0.45118153758957247
c.967A>T,0.7136093639996238,0.7796750585029893,0.41802058195863034
c.66A>T,0.6938350125029131,0.9853766697047206,0.32573746200546805
c.784A>T,0.4327864884295036,0.11462278411620941,0.14046118126041918
c.546A>T,0.29318555756677667,0.7523257236191968,0.9982195705778915
c.373A>T,0.7427630137020714,0.43862763398889315,0.20031214207593762
c.735A>T,0.9952466291413633,0.3160613516626517,0.7667341051302962
c.918A>T,0.21910080445836055,0.3491817570982203,0.3125193747702758
c.586A>T,0.7958345617669481,0.7746299568570314,0.9558973454558521
c.803A>T,0.053718884155040336,0.9688739305041925,0.8945888064431411
c.15A>T,0.5020892524137582,0.41367340298764754,0.5168323138778853
c.369A>T,0.8253378536454862,0.4145223845586028,0.1550346421634008
c.779A>T,0.3440441362776667,0.97885088722323,0.6148528408990479
c.899A>T,0.17772063797216608,0.43192984582981053,0.6450505327625817
c.689A>T,0.29276858100885206,0.49187170840128736,0.9195821521901183
c.596A>T,0.11634319923655556,0.2812617026495222,0.30541249956358774
c.316A>T,0.8049506879870357,0.20913080593013944,0.8738969540800302
c.438A>T,0.9801126756288489,0.6353308334006449,0.4135544353250383
c.659A>T,0.4734965940598147,0.11673778834629778,0.11144290384376987
c.459A>T,0.6948111269519635,0.2595635336224077,0.8940644556056689
c.957A>T,0.5303202079469855,0.777793229584702,0.10807444226296548
c.313A>T,0.07987434606586252,0.5148766179921406,0.610773066013936
c.642A>T,0.4813102966483286,0.9761246513228895,0.9642685594530617
c.827A>T,0.24849959283795386,0.4313463626047074,0.16352709247881303
c.959A>T,0.318609912674673,0.4765408488735893,0.4269727437214419
c.681A>T,0.32113556083566275,0.17555394954658232,0.06035949826778242
c.735A>T,0.8710700964139125,0.5209836588635254,0.6041908951496111
c.414A>T,0.3761368888399107,0.7140726461319844,0.18766991886096407
c.238A>T,0.7371776935920543,0.42100163867222273,0.39439740846490023
c.72A>T,0.8508731265264453,0.3100382757930642,0.2559773642699905
c.461A>T,0.5706184410724618,0.42953559567273925,0.773416608324001
c.841A>T,0.6528105595026633,0.10021392706443888,0.7364200031338611
c.167A>T,0.30753148313795486,0.7458137502862476,0.35581381757837727
c.901A>T,0.7584555919716802,0.6872359040520852,0.5596965928742071
c.201A>T,0.5638117126632105,0.8151175494210009,0.8742328618248157
c.199A>T,0.646900142155918,0.13569350908755762,0.644083084926682
c.37A>T,0.3698628630593429,0.43394883349738644,0.5902571200372212
c.358A>T,0.03398034091585855,0.956699620317236,0.20432114185375272
c.289A>T,0.6018667831469949,0.8900571342695455,0.22841760837915948
c.674A>T,0.9493670772851146,0.281284740078214,0.26389261961613975
c.551A>T,0.702340671743713,0.8175721004063993,0.7318217893743494
c.815A>T,0.11036074263203632,0.6956289693815934,0.2653943870165607
c.489A>T,0.4512726749034687,0.921079854376559,0.6680146346196585
c.695A>T,0.8234207650360034,0.10971730642108857,0.23148712817484507
c.37A>T,0.6144044923246801,0.3479408216938116,0.7534991539754278
c.784A>T,0.7192777398824262,0.6122006635894718,0.9738305594328072
c.663A>T,0.1340422532418578,0.9019004823449128,0.43212445062909366
c.451A>T,0.5868924901024348,0.24556889928730874,0.290647188483224
c.786A>T,0.14438504045341005,0.9027499431441959,0.09297005321552632
c.739A>T,0.9959824018761692,0.3051870135892,0.7370628013078957
c.775A>T,0.26859519025458634,0.5401847274216757,0.8709780790168988
c.328A>T,0.34830744627853827,0.6168594598205706,0.27485244211315574
c.645A>T,0.23293729472592073,0.6495755126512345,0.42004558571682127
c.632A>T,0.16919591401401546,0.2618477833144647,0.3248184823415534
c.414A>T,0.8437492509661868,0.7298975711014309,0.35555835074026587
c.517A>T,0.46068426024900166,0.0007228017547963317,0.6896959960188336
c.302A>T,0.7734084484831427,0.18352042293041515,0.6832028400867944
c.736A>T,0.4565322386180394,0.47290011950831945,0.9092002867858274
c.202A>T,0.6982361059838871,0.4543201324459921,0.5298986558890454
c.268A>T,0.2853525280172119,0.10327097109448391,0.502824648314597
c.472A>T,0.3581045947884852,0.07774855961529092,0.21341841372824333
c.380A>T,0.01268949262060215,0.7845882959140471,0.2530028142559677
c.654A>T,0.9797505839881689,0.6691135151337483,0.5936545997806197
c.617A>T,0.9075835763937743,0.47731425284345286,0.7058663590819919
c.364A>T,0.1850802470735704,0.3489019100180233,0.032403156585965154
c.511A>T,0.8922581680625409,0.8850929189882578,0.26363000874832143
c.459A>T,0.5142933188069395,0.4031403313899695,0.762240460582734
c.305A>T,0.7740170975200051,0.381511761386338,0.8598706792928413
c.667A>T,0.2590938815239048,0.5481527622187707,0.6668764552047719
c.259A>T,0.5507366968413167,0.528162773857779,0.1179897124582604
c.703A>T,0.010984761447967895,0.9917160698521142,0.28274453955512313
c.596A>T,0.9292910941056934,0.7665406432418811,0.5298640370749604
c.736A>T,0.533009091777228,0.0569911530844488,0.9311560277181928
c.909A>T,0.4689823890648991,0.8966126640728639,0.6634057677019026
c.674A>T,0.031616451445604654,0.43737188917224457,0.23540831573064014
c.308A>T,0.1822967878664492,0.8647388699108856,0.18380708821288128
c.13A>T,0.3860049045220493,0.684528889172189,0.09960759863009494
c.737A>T,0.756181275435179,0.4917030081161876,0.7197778080660104
c.878A>T,0.4182186446906593,0.07019903627698043,0.15172415943724105
c.225A>T,0.2617675689258363,0.09039282409133431,0.6602144410331569
c.969A>T,0.8407994641642076,0.8727558523319618,0.7554287169276862
c.149A>T,0.4339860712812039,0.9076324071446511,0.9492776532908886
c.421A>T,0.49421098165366184,0.3403046442824159,0.36938914734241024
c.659A>T,0.701955607188581,0.5702632451413615,0.5355948420444901
c.405A>T,0.6903075091359133,0.054282483009643334,0.9894735226286325
c.443A>T,0.1995647067358548,0.8749821216831866,0.08427877817230278
c.81A>T,0.4254408612076025,0.9677854526894284,0.6169501287649422
c.27A>T,0.21903360820034423,0.9913283779570551,0.7076130563552616
c.240A>T,0.7127222661791629,0.5516191790030215,0.9055692110467268
c.194A>T,0.435312427604549,0.937188594689025,0.9868207289825558
c.421A>T,0.9933911920517585,0.48278083811669836,0.6911589885049532
c.413A>T,0.20272045976575592,0.25058003467834156,0.16106397285338558
c.717A>T,0.291040972692735,0.5178072820577645,0.809084590667214
c.174A>T,0.33469050074467466,0.7479719543870393,0.8225615969698209
c.599A>T,0.9512815064312848,0.44244235326144243,0.7083747525123553
c.20A>T,0.8131879876556265,0.4024175481456248,0.4182353963173703
c.850A>T,0.16845119834364364,0.8444149636658068,0.48336151946730155
c.821A>T,0.897714941643641,0.5801459498958609,0.9786217632962957
c.507A>T,0.4439681490929336,0.5800920852947719,0.6410362886399095
c.793A>T,0.7737354976630717,0.6927448277699848,0.6057229755846385
c.517A>T,0.11886433320321688,0.06793132566245752,0.5143713014067904
c.976A>T,0.5625453589301246,0.7595841181087303,0.18540181866383665
c.696A>T,0.7171291249254896,0.46215872288569126,0.7807674297385315
c.501A>T,0.8757724347101941,0.8483552747366456,0.39795079477710016
c.273A>T,0.46579495814966043,0.7164890567706179,0.3866194447192247
c.10A>T,0.4153382347630794,0.5980428990007768,0.5069566903860635
c.300A>T,0.9852605847730651,0.04289020090349782,0.1196762898489867
c.37A>T,0.038022557093532416,0.9540552962441127,0.13417230375838707
c.275A>T,0.2507464270760489,0.7335862486573292,0.16174505145985052
c.163A>T,0.6893339223821175,0.016779962666868542,0.024683486236416252
c.126A>T,0.6096368422783469,0.36200182410133097,0.08878593004897062
c.525A>T,0.06506127768567305,0.18859559338313503,0.6243957241385941
c.301A>T,0.24889875338742518,0.00033676097717583175,0.5173941643671066
c.359A>T,0.5095305190147899,0.04943317390619695,0.23333733667797085
c.805A>T,0.4151638868664964,0.5660074152322482,0.6822964033776447
c.64A>T,0.1326800814572472,0.5529608375039209,0.6346779291494814
c.570A>T,0.2075876295992537,0.31860651130409223,0.7108831847672606
c.981A>T,0.13025139314349554,0.46752437615434794,0.9026084241723407
c.938A>T,0.8390276772952155,0.5081554469014733,0.6104755386842445
c.786A>T,0.040983447983971466,0.7587507509937012,0.8286300500169272
c.162A>T,0.6877423588729707,0.4492301405585172,0.6965867158547148
c.435A>T,0.45381893900096226,0.497572713983619,0.7815521542589714
c.851A>T,0.11656254829176926,0.30070204906132847,0.9834335764430033
c.993A>T,0.23150406756242936,0.06047139790084233,0.43866255724403413
c.407A>T,0.05521153397105283,0.9744161624363561,0.8480134087266655
c.67A>T,0.4347808221621665,0.5307168574330206,0.07297212833286837
c.881A>T,0.8352894054697432,0.0766045795779502,0.7112832530001353
c.490A>T,0.7010470360708629,0.6847954615537845,0.7121125937669506
c.272A>T,0.5997922690638283,0.7677169480811092,0.5014788831963379
c.713A>T,0.6550720284446471,0.5649428807080623,0.6013149780167601
c.449A>T,0.04248119427279884,0.7146880487504884,0.918714295078051
c.30A>T,0.4433419969234318,0.23840424217811418,0.018316725361306574
c.95A>T,0.9774136526668296,0.3550598659445092,0.9867372739251323
c.30A>T,0.5349995908896291,0.7485430204963426,0.6925274672243228
c.146A>T,0.252483738929422,0.8312128170633695,0.8269913475484096
c.617A>T,0.02672331147066176,0.8314417335577955,0.977672139917929
c.206A>T,0.8820907444477727,0.7207802095163319,0.5575960339288403
c.764A>T,0.19393140689356858,0.42262715509632787,0.8223653617928744
c.908A>T,0.018600485511562237,0.22275037222317562,0.387464245363358
c.35A>T,0.022620994335820765,0.9921053847755861,0.8872033128745443
c.706A>T,0.8072416663639865,0.017626435954750108,0.964551329182444
c.792A>T,0.48061022454161306,0.9291802999672677,0.680321191395531
c.37A>T,0.17448837980220677,0.7864599060494326,0.3514779669776763
c.62A>T,0.26440098967352854,0.39831641452156674,0.18880380743856595
c.943A>T,0.9194644344624717,0.9952829475682919,0.8570181758989227
c.767A>T,0.7104233806825567,0.9548223802574911,0.4926781404089283
c.547A>T,0.25166363918940227,0.4061761825083614,0.6059301454822996
c.17A>T,0.879151727321235,0.7195711582365192,0.4707244344243251
c.575A>T,0.2259260184661298,0.058074563646375976,0.8918915563373545
c.680A>T,0.683970661080021,0.2078434898133581,0.870991346407196
c.753A>T,0.7114809456616327,0.7892683518232952,0.7345613661408239
c.338A>T,0.5189512073569976,0.43946636515002413,0.4751562444735886
c.209A>T,0.9739374100281408,0.916385264082961,0.7383850905296419
c.17A>T,0.6516991884311281,0.005393689171776628,0.6523573501053092
c.1A>T,0.37129579843364924,0.8118775327994852,0.6791016906054242
c.745A>T,0.5081665246616323,0.6908989562969293,0.3368788511124582
c.536A>T,0.6200306033263697,0.1076954650971439,0.6607060421263864
c.387A>T,0.6599859330172264,0.18484989773958593,0.0460031331892109
c.480A>T,0.3730105592981888,0.859392896126998,0.23968382347174688
c.282A>T,0.28456873541374395,0.7046997507622418,0.5055249418638457
c.882A>T,0.9220940243836542,0.548548763363395,0.3579057631269337
c.946A>T,0.9468378055911103,0.034014484197613104,0.974439899342174
c.354A>T,0.1480504481554843,0.7677611453608736,0.8332068149248061
c.78A>T,0.9282199569960993,0.8049435160423142,0.5899401131905531
c.807A>T,0.7394495069187673,0.25740154336851373,0.722672991138625
c.401A>T,0.23220060206919158,0.9965057968558723,0.6514586504685418
c.594A>T,0.35435683044538013,0.9689512301040484,0.0769881296745546
c.193A>T,0.5917946261643362,0.4659092156928927,0.2689598752259499
c.981A>T,0.4480801774920645,0.5895725259941565,0.7742528105952239
c.965A>T,0.5089278460563499,0.39999108110018156,0.8348814826449913
c.902A>T,0.7024601619327702,0.4113340842544523,0.964301184228143
c.485A>T,0.9396612200368342,0.3067025030562841,0.892998392105408
c.36A>T,0.49112312837911987,0.9582944642079015,0.12758193523975714
c.930A>T,0.07173794812370193,0.050509233566423783,0.7684634153099824
c.59A>T,0.46808641247556315,0.6042474074171604,0.8413356035370557
c.866A>T,0.4723407500616531,0.37972226380030316,0.3446862858593899
c.93A>T,0.21844113379824448,0.35829557535708945,0.7656669886069052
c.976A>T,0.3770770064604434,0.14086803500146883,0.8478678598428453
c.901A>T,0.3664454524405939,0.38723825059091277,0.2270603152401066
c.275A>T,0.3526599529417721,0.747074521403993,0.639565079123049
c.214A>T,0.09252036773971228,0.3925541498276147,0.8566037024234076
c.908A>T,0.24587828698071923,0.34850393992364825,0.35230654916693926
c.918A>T,0.9854878959531937,0.8379566498455007,0.20697554609654623
c.124A>T,0.32551925030138096,0.4690425272205735,0.3495959393518857
c.977A>T,0.10230684810477719,0.7159152036980853,0.5816887800164835
c.553A>T,0.35314659898805345,0.6836324718669312,0.05389966805895818
c.720A>T,0.321309444269275,0.07169492805848166,0.7804607981521734
c.193A>T,0.01971898163584318,0.9189541950745495,0.6860471528448254
c.721A>T,0.4941946305201612,0.24078420841119552,0.07536563544841512
c.614A>T,0.27472217405548793,0.7035173868974418,0.9030023304036314
c.854A>T,0.18948930839509026,0.9504220430961796,0.8970068100854838
c.777A>T,0.1668445137513691,0.7322249450465457,0.3564813285171542
c.64A>T,0.9284098973759626,0.4738576036508031,0.39365922137937537
c.123A>T,0.38652532647080096,0.9757541091852118,0.10082157144540049
c.501A>T,0.12385392636600645,0.7521862121058289,0.8957195936242115
c.190A>T,0.34064103784209243,0.7689624760819194,0.38323270276613386
c.262A>T,0.07272051592811657,0.49520876269764513,0.049043118750405346
c.997A>T,0.3724572219867288,0.2575789108465413,0.7069874857730778
c.436A>T,0.9682102116161222,0.7297654118710539,0.014647646861654984
c.723A>T,0.45194089477274246,0.9709053366938245,0.2250481688580982
c.156A>T,0.13845758466396263,0.3713783545128624,0.7751679325597349
c.231A>T,0.8518543315722144,0.14976581975578962,0.1292633980579364
c.751A>T,0.368062692093334,0.7294214368827442,0.7161530937889597
c.660A>T,0.4264208757836151,0.6389516842560542,0.18255254197028303
c.682A>T,0.8613839032406432,0.18269399451883384,0.4479361037872561
c.177A>T,0.30611602941216953,0.5338908670601246,0.44990202758334796
c.687A>T,0.4252853726650544,0.3831121019436631,0.21967809956453554
c.720A>T,0.8936551771186193,0.10881453766607263,0.10552323154283416
c.485A>T,0.9293655251896613,0.9875137994107369,0.5182221810205093
c.724A>T,0.9303437364913432,0.2869826579042063,0.5191151382640536
c.126A>T,0.5367264745239261,0.23004843168461186,0.1370684833088509
c.570A>T,0.5827927459426956,0.379331828254463,0.04914045038035464
c.898A>T,0.7571372496856988,0.25211628328613733,0.8070338561224449
c.88A>T,0.6207798438721002,0.22331539358862873,0.2445140589831899
c.627A>T,0.4837075663781639,0.19748505461594978,0.6624647129625132
c.456A>T,0.6907867897203738,0.1251248676196125,0.17628768406683926
c.431A>T,0.9572916907854995,0.8214837388647219,0.758874378146173
c.625A>T,0.6104309925052831,0.03000314206811905,0.26757297850012085
c.299A>T,0.5155644865125487,0.8114394690896578,0.5679194263988305
c.182A>T,0.5549658021315839,0.5050499873399295,0.2204355001387096
c.804A>T,0.6854985180724595,0.9066267308822739,0.7533977514704642
c.805A>T,0.6216901144451771,0.7617723836644199,0.35216643516503054
c.893A>T,0.46222943123452354,0.830285390902372,0.3308849255606683
c.970A>T,0.3036604959452549,0.32917212972821985,0.23404616233699616
c.262A>T,0.04025603633769825,0.535936499607734,0.02683753611502704
c.871A>T,0.9695678170366512,0.5396482471586523,0.8996652462289462
c.565A>T,0.744665404266813,0.8360145713002618,0.33417161089257896
c.527A>T,0.5864212205480609,0.9950067526151284,0.47248057410742805
c.690A>T,0.05149240085456819,0.7359819382490573,0.953077611163137
c.267A>T,0.8050296968435355,0.5405892241710089,0.1989801921388311
c.497A>T,0.22997542183056263,0.5243118311364027,0.5994181112089125
c.101A>T,0.8108025179801261,0.5347331045422533,0.3118514839180472
c.563A>T,0.3942691246300628,0.28493313777397744,0.09714489044815544
c.903A>T,0.9760061795857009,0.04021799386468716,0.29747808106106965
c.109A>T,0.40650748091826194,0.7328150750612716,0.021209764420172306
c.850A>T,0.20974656821174287,0.852361478341402,0.4293643548306826
c.751A>T,0.7761147186520724,0.8634255440664883,0.9689560814643497
c.538A>T,0.018212803082547913,0.588274933447691,0.27558895470715306
c.624A>T,0.6487825817158567,0.44452213618621206,0.9913926587563575
c.204A>T,0.1381983118562785,0.9601993606918512,0.6066499699979823
c.838A>T,0.1436171942947817,0.143473816470841,0.28801933541180436
c.586A>T,0.5419267590299761,0.2692456993853226,0.4221454519444934
c.601A>T,0.8252515641107225,0.3784933504155139,0.5716661355137975
c.142A>T,0.4079841230609629,0.3892324776820475,0.8376831127418781
c.470A>T,0.16579479202974345,0.734702520462111,0.6854660510652881
c.113A>T,0.6778765661627348,0.6064373235455877,0.7417572586993383
c.343A>T,0.4149380600341379,0.32391550498450306,0.2566311922553638
c.768A>T,0.5994954733674447,0.15244370167280286,0.4358958660031417
c.284A>T,0.01887539033112584,0.2194873482449784,0.65550732166918
c.519A>T,0.6888028163755894,0.645488856147451,0.39185208901311475
c.275A>T,0.947584133132385,0.1586672757495855,0.8732326924544194
c.414A>T,0.5203215941468549,0.6555342219684158,0.8244396836509214
c.440A>T,0.06464786762954722,0.2708287580184393,0.16507080708530086
c.985A>T,0.38384483720785545,0.3606749388107996,0.6583385520176693
c.408A>T,0.35401909789153607,0.5549596630898938,0.03956142775542015
c.24A>T,0.6327807209765501,0.544511781636049,0.755732408652434
c.567A>T,0.020026770844420505,0.24279237494950323,0.37062828814353854
c.347A>T,0.4324341394328156,0.3850843296452193,0.7713404972046501
c.180A>T,0.9735896129312258,0.6098258400689366,0.04072312659224231
c.895A>T,0.04050516428409645,0.6528955524201495,0.34037605501607104
c.793A>T,0.10006420857681464,0.6572192724278403,0.8735123984026667
c.214A>T,0.30989585340759374,0.9766327454709562,0.7307530617090988
c.110A>T,0.3740402380637977,0.38263930790980605,0.7345123143779255
c.448A>T,0.6652837920012439,0.8391503008736138,0.7590744837169248
c.81A>T,0.3436093531344706,0.1123618239262758,0.016994154349318502
c.858A>T,0.3651292529539276,0.9275204906748867,0.53778097366519
c.366A>T,0.861994246362007,0.6799923070985218,0.5189619278814733
c.859A>T,0.913117359556435,0.6531422367059029,0.6344994361594158
c.590A>T,0.8484044710844486,0.5460363099835728,0.02832313999172087
c.196A>T,0.10037366006007276,0.32074159942307856,0.42965034106307
c.849A>T,0.9223907492571406,0.9329027869820878,0.804199736199244
c.176A>T,0.8211430821619153,0.5164065119474952,0.3508711853810357
c.564A>T,0.45322422141017304,0.891425853464344,0.04928721807588954
c.532A>T,0.3332315384734328,0.780941902426501,0.266460723962367
c.677A>T,0.6224402189705248,0.9342836946580417,0.8044810665217792
c.253A>T,0.007817817141066552,0.6578692562875534,0.33992111756541243
c.471A>T,0.9018412170957565,0.24231804101001264,0.9404437128409178
c.832A>T,0.047959521331133126,0.13455203920996717,0.38231507620345717
c.702A>T,0.9494401515532227,0.49218118225184726,0.13379733984555475
c.426A>T,0.819127216813479,0.7026749954371239,0.0034683870802808547
c.821A>T,0.681716618020486,0.7025893631712986,0.21757573648385842
c.834A>T,0.20859289804858427,0.7015756217400047,0.4174097577346568
c.497A>T,0.8685564227321922,0.35132421963431715,0.9256350848301779
c.986A>T,0.18159180023637622,0.24806891863740976,0.311487353188707
c.386A>T,0.695708870268929,0.6294210537577755,0.9000583199479618
c.431A>T,0.7698758401989785,0.15859490921220143,0.30742861200131655
c.222A>T,0.8177971566599725,0.6707800720503726,0.9784257401348964
c.42A>T,0.14339739884216685,0.2547451868123992,0.8353944699233905
c.874A>T,0.9750437888039912,0.4443569378054243,0.533811726799346
c.531A>T,0.23509638544831502,0.761754767391665,0.7497698510090773
c.324A>T,0.5448193436760467,0.7993268103517963,0.47713746699728743
c.472A>T,0.9359409469902192,0.7859284611280603,0.3288361696613413
c.292A>T,0.31065493901441843,0.7891384841443551,0.33123770610377157
c.282A>T,0.7612222342164617,0.3908990763354131,0.9381225842968429
c.968A>T,0.40423937836484636,0.43069197786567814,0.11828408273539004
c.857A>T,0.24009346178397528,0.40028158027125393,0.7420754815396088
c.433A>T,0.3660847732410333,0.27286181239104357,0.3943762966947094
c.982A>T,0.0639254525620564,0.17578748115087184,0.11882526425885165
c.50A>T,0.7109678226994118,0.3449314382657669,0.4626221646374298
c.196A>T,0.0445957429393844,0.7556340500252833,0.6057597154673052
c.383A>T,0.31049694761946767,0.2660332204260476,0.0189328127375743
c.708A>T,0.8581867051513563,0.5530105076984511,0.27100271924291297
c.120A>T,0.55463880752476,0.2656574987699871,0.29061330900737137
c.36A>T,0.5895650484948685,0.5886979718014456,0.9878175095749178
c.893A>T,0.6051205516902404,0.2523720092224023,0.5609439416165029
c.236A>T,0.7347086014123024,0.3214953243725994,0.21700247438105336
c.212A>T,0.23736364930082954,0.08340871210634837,0.06694068583939361
c.464A>T,0.16446863747642915,0.9119801769259227,0.23048493405381165
c.407A>T,0.18405122207745928,0.014336095986220099,0.9866539980389696
c.807A>T,0.0890908035502751,0.5979903584250317,0.3091290472003688
c.300A>T,0.9693989794610165,0.34323768789286513,0.05249927130842169
c.920A>T,0.9784488617063799,0.7339099795963168,0.017913238879057714
c.60A>T,0.9327290480962864,0.4135131646941351,0.9925480795532261
c.800A>T,0.6921512006899203,0.5152160016798173,0.18179928852121297
c.113A>T,0.05481117818649417,0.1721465559316625,0.6568322832733722
c.934A>T,0.05102782475262535,0.5415622658375909,0.9045767910880714
c.825A>T,0.0923402324035395,0.8283276104397412,0.8235799814943453
c.836A>T,0.8904841590665686,0.3523176294744699,0.3395574112464196
c.216A>T,0.3217535329557273,0.14338755852578122,0.9015629324645749
c.47A>T,0.44763793844244304,0.5093490032371032,0.5308925304227882
c.986A>T,0.995242763106217,0.9925571138492401,0.3029567352017968
c.743A>T,0.65983927973752,0.2073427230933933,0.06486060325505794
c.707A>T,0.08109789699473469,0.9192513020964277,0.6485382154217179
c.737A>T,0.6651948356764839,0.5134693793208206,0.7652634983073989
c.89A>T,0.7233395693523054,0.5198450337793256,0.4615145633656872
c.48A>T,0.3442562446439579,0.7252562965124655,0.40393358282447844
c.359A>T,0.39791428314374955,0.8048155484865863,0.7107601950984547
c.214A>T,0.3360902134569538,0.17118864493893238,0.9084129591601583
c.800A>T,0.5908038120003453,0.3702162254208944,0.2307318230027957
c.564A>T,0.9650243107598249,0.6702272732599381,0.8236383397578475
c.341A>T,0.8625033761045527,0.20802004943745966,0.624454139858021
c.365A>T,0.0026689768947785186,0.6124903533825307,0.40375059383580014
c.539A>T,0.3613877699767557,0.021530041653675114,0.7398260343314873
c.512A>T,0.07870528727742077,0.4095549877556466,0.7511173723776164
c.367A>T,0.8724287093678691,0.8410400954367202,0.5721545056869306
c.134A>T,0.01173177881781029,0.1859913951477501,0.4893120597937116
c.46A>T,0.10013567221681297,0.1396097463798751,0.644771474005504
c.795A>T,0.00558802338397657,0.7959645694342885,0.6378466299517611
c.396A>T,0.8017005028862781,0.7300339868350673,0.6177224418133707
c.160A>T,0.5389771549500549,0.10954632928548358,0.5069228747938413
c.371A>T,0.5892186666505865,0.46120649718113726,0.16348402340747947
c.732A>T,0.15664993405815564,0.8251737597109746,0.6142997071579225
c.431A>T,0.7145350829390527,0.6208546825998831,0.2136436068538472
c.86A>T,0.841070668161234,0.22236613359610635,0.9981607874662295
c.517A>T,0.6676354503983001,0.23340188502723536,0.8131496966617302
c.54A>T,0.5007528863537483,0.916039741730576,0.519019083506589
c.677A>T,0.07141392970366933,0.732148966401439,0.5684973972195784
c.666A>T,0.43946428104593604,0.8847673931022427,0.4747563664328862
c.65A>T,0.06700789068622803,0.5657695790180014,0.2665645192249976
c.801A>T,0.8806391444977765,0.13727026120816987,0.43319604023378744
c.645A>T,0.8832115232554886,0.8922277164415806,0.4659944800567023
c.82A>T,0.26387227590624207,0.334579370603722,0.1187048056581318
c.267A>T,0.5446328089528856,0.08384681101418401,0.8059892022042094
c.531A>T,0.42579117116838117,0.24354496200337405,0.04715271267115151
c.724A>T,0.520681806757641,0.17994442986411519,0.5564181792301033
c.330A>T,0.7031519469758476,0.041009995033017055,0.3107317465186247
c.554A>T,0.8747463487874652,0.24045065716283254,0.7677396723251025
c.332A>T,0.7402540319191065,0.42533092114861937,0.9512779132074238
c.214A>T,0.596497175551625,0.5050258029242823,0.6031745938977252
c.112A>T,0.7712651262899505,0.19612962773662312,0.7649744769670774
c.817A>T,0.22156980995160858,0.7692629289968157,0.30370127140288905
c.253A>T,0.8550050474204578,0.008838430581327716,0.2868171231753741
c.72A>T,0.8886591775279444,0.46743109846228525,0.05374324382789575
c.701A>T,0.10328700603354357,0.9554658085328068,0.460665578305418
c.691A>T,0.3725432240260602,0.7910423450996579,0.2774497128874792
c.381A>T,0.49151166367815713,0.8109844059327401,0.8699700469233609
c.907A>T,0.2712048098004012,0.243774208396485,0.7933413892474067
c.734A>T,0.10841512058850022,0.4818151745101137,0.0838970878908396
c.434A>T,0.25735883472133614,0.9129901885287115,0.5955688502313763
c.927A>T,0.07991473083224154,0.4486715631514647,0.006281717491039562
c.649A>T,0.9738159817351212,0.19634748356624054,0.7162172309565221
c.218A>T,0.514893559090901,0.10628602197565973,0.33768894736349464
c.367A>T,0.6994421872961553,0.7428095850781654,0.9811242953660251
c.762A>T,0.3184014585937849,0.35006714040413844,0.42953804426048003
c.30A>T,0.5141216453699998,0.9329964281489459,0.23874580357116038
c.960A>T,0.08612850720533682,0.8963451156300406,0.36217135842188053
c.367A>T,0.9078823382986309,0.2041810892020579,0.7685207135960154
c.931A>T,0.8530000858710962,0.05465638718410659,0.03819073139187623
c.570A>T,0.2749156521465912,0.34855089919667137,0.18877438045586492
c.14A>T,0.441390807689922,0.7641282661434962,0.08000176906949152
c.456A>T,0.050099129402942255,0.6561712447120693,0.4513326324025092
c.841A>T,0.9313990665135429,0.6563883332404379,0.0394097253411233
c.43A>T,0.20258135940991528,0.8456821705204906,0.49328343147654197
c.48A>T,0.8820828543024565,0.624167715455349,0.029221582800172397
c.669A>T,0.4242894976355205,0.8045125891971691,0.5247109623096744
c.160A>T,0.5380470522363393,0.5834570755924163,0.6204674659045033
c.38A>T,0.9495558117421465,0.9463204385783014,0.6645922153789412
c.383A>T,0.021379026928226463,0.22959654306295674,0.24261283757760788
c.316A>T,0.011965290631045677,0.38641772703033883,0.9825301293395209
c.868A>T,0.1635475521764067,0.16965731609859414,0.05685385828586542
c.913A>T,0.6565255914461379,0.46396705433176366,0.9061412638535319
c.291A>T,0.8548201558623209,0.4189823525591577,0.41976727972942063
c.600A>T,0.7318429523901074,0.7442527417175007,0.0636784609681661
c.334A>T,0.9211188817953555,0.20641301801204537,0.9798589597734595
c.95A>T,0.3143952542195906,0.7923929695384777,0.9131961798820274
c.368A>T,0.41371289990242244,0.03463210919948778,0.38918242370015677
c.62A>T,0.58760667018878,0.5484412737298742,0.9391920298492675
c.791A>T,0.02004715217630093,0.7375247073650406,0.5704760403236505
c.614A>T,0.08829506766944661,0.43881633053121205,0.42762592574677316
c.77A>T,0.03458696115651194,0.5967870750256594,0.4357625462505881
c.315A>T,0.20869671010557245,0.05328029722858729,0.031385402623513414
c.613A>T,0.47915753370825964,0.9203666935232947,0.8708671591880218
c.806A>T,0.8679519967439817,0.7873051692942177,0.6703174710945706
c.564A>T,0.48130158718442506,0.8879536751256701,0.9895297939861576
c.416A>T,0.8992919068497587,0.9209768847492891,0.2832926759525096
c.57A>T,0.4712914044289883,0.3456393346107657,0.9080588211863464
c.898A>T,0.9255680104834453,0.4850730271552992,0.5608304316860979
c.8A>T,0.9454012648306265,0.8901004747313891,0.9389460381759558
c.692A>T,0.5218145752894804,0.07058839338089873,0.17370646688132152
c.80A>T,0.7080376821408817,0.7057975816500313,0.5366987980860521
c.506A>T,0.8172349126524387,0.31187257374830635,0.9621181299768453
c.20A>T,0.04138398959648626,0.2927108508393944,0.47121524980547136
c.73A>T,0.4070767720671582,0.12368459787968733,0.03479971292163386
c.217A>T,0.5728513811986198,0.43784440265860747,0.7636164065577545
c.250A>T,0.23872759859436743,0.49616280390826917,0.28005916782458684
c.371A>T,0.004110924116084602,0.13661912263653397,0.9996641632158507
c.93A>T,0.5522543104280457,0.9968958963269038,0.7804243811660107
c.596A>T,0.9865632385011326,0.06547652057522835,0.533748011447558
c.72A>T,0.8345535191471329,0.5490988097974522,0.3306560596786411
c.851A>T,0.6340897168082968,0.9097346466878665,0.758842662784517
c.217A>T,0.9214030652207009,0.985562045355618,0.46518231080785677
c.424A>T,0.45367556117388375,0.514703686135942,0.03866616484335139
c.837A>T,0.5499901501297817,0.5850997958947695,0.19321676722100434
c.526A>T,0.2371986181197564,0.48024701002856984,0.5527978722553187
c.136A>T,0.27731551925159104,0.6182248921641116,0.5311643480030838
c.525A>T,0.33825118147798283,0.24723581984444298,0.7389772524300151
c.657A>T,0.1454347294634566,0.0863121470019742,0.9069478508670263
c.963A>T,0.7608479215825208,0.22927383779316723,0.8717677052618293
c.808A>T,0.4172932608991454,0.7574774706413422,0.8084063881395853
c.523A>T,0.11902489927926418,0.9772293195524613,0.554564408719843
c.314A>T,0.17466950769333356,0.7371919899530176,0.9934779446020908
c.696A>T,0.9671755164073801,0.9477527583372856,0.6139577753351931
c.170A>T,0.6924714352474464,0.41501036403059577,0.011565453455442132
c.194A>T,0.6518669415494165,0.9008724084659214,0.7375556407728511
c.853A>T,0.35320694426458077,0.16336974876391386,0.6744022285148856
c.936A>T,0.6892507148103734,0.4486164503084962,0.35013665012582595
c.114A>T,0.920473890281266,0.18084336102779175,0.052269228621835584
c.970A>T,0.18257931326939636,0.6227862639005586,0.6442512534052705
c.607A>T,0.7474925360492107,0.2068444134757249,0.6654045380157595
c.883A>T,0.8140124526880882,0.21606591614822235,0.9094703192479519
c.809A>T,0.6184439428154545,0.13037807959435066,0.567255153823925
c.341A>T,0.5577993853105178,0.6865691531853266,0.41866870798443656
c.770A>T,0.12796454916394273,0.9030137180378721,0.058480729313051705
c.242A>T,0.04489443049319408,0.9994377886448348,0.6666722741820823
c.950A>T,0.8609385769779538,0.9359834402556643,0.1253971423837451
c.589A>T,0.43793313674013357,0.7603015255457963,0.04712074940195665
c.736A>T,0.16216555802392696,0.7051856970187964,0.5728399957389182
c.12A>T,0.4944655040696111,0.6755397086762269,0.027365710645623875
c.693A>T,0.29567299584171347,0.44127895200691736,0.2790640693191748
c.665A>T,0.8718735202057774,0.8888209911675782,0.08235563793464473
c.290A>T,0.8151994081022133,0.39130474428200923,0.4915540373718811
c.500A>T,0.06210565126402734,0.9611869196439945,0.38026939491097356
c.454A>T,0.7238124927423647,0.24215744030101694,0.6945418042486328
c.654A>T,0.3441870409839797,0.7347730943346167,0.41877049092229524
c.12A>T,0.6100721098846129,0.06166974957076454,0.14382523700957284
c.98A>T,0.8751045365292948,0.7093234296404728,0.025998653039035036
c.533A>T,0.4616124681954691,0.20557234887669285,0.6388717840226765
c.45A>T,0.28061884632379475,0.07977495624057707,0.8528229176932887
c.362A>T,0.058225323012574215,0.4225280681626099,0.752853851575519
c.764A>T,0.9976487741633756,0.5462890833677784,0.24491196194195197
c.655A>T,0.5819604332863533,0.6384588566564123,0.33508689436650774
c.618A>T,0.1915172987414131,0.11967651406439117,0.6568029663315547
c.202A>T,0.24542398105127838,0.25823389261118157,0.604568086111383
c.434A>T,0.07346017297148943,0.22037321763235496,0.3360778684157779
c.350A>T,0.24257551368489383,0.2613845386689775,0.8757832618980753
c.355A>T,0.7436362440553188,0.653883536045826,0.7124502102635148
c.905A>T,0.27105854708801524,0.17122888867394803,0.9075759853801041
c.621A>T,0.061319658940959254,0.11154919653554174,0.9857550475447568
c.125A>T,0.703895016756155,0.21636477996113102,0.050088515304963055
c.268A>T,0.6671686289540334,0.3246141510529873,0.6872838574416607
c.721A>T,0.3985919956660332,0.994957004902566,0.49656609110091554
c.182A>T,0.029276262429795086,0.9392867494575821,0.7955931319892507
c.508A>T,0.9222902670046323,0.4441169699984019,0.5235521705758784
c.432A>T,0.8793870864826328,0.8117267871327861,0.16962433386525366
c.113A>T,0.9134392096767798,0.17836002431060272,0.718399825936717
c.671A>T,0.5814326475725174,0.08936683807916712,0.15902940819863098
c.361A>T,0.4730867912532132,0.4974104916600428,0.09570070595006253
c.466A>T,0.5271318505777937,0.9354188575376452,0.4186015348188239
c.151A>T,0.8006921039653566,0.8415884700161405,0.7928774724287287
c.338A>T,0.36793566409701184,0.0964148856411089,0.2584101095357877
c.492A>T,0.02981521372568008,0.37357124380896656,0.006983322555696447
c.168A>T,0.7482109334603542,0.0070830254757250355,0.3981725344276644
c.30A>T,0.8549635389188933,0.6819353582051563,0.18208841751910076
c.186A>T,0.3056979080300892,0.8872515964694397,0.5930679910388813
c.15A>T,0.19878395628374568,0.13776745520142464,0.5719891276491293
c.430A>T,0.46148232721104665,0.3981766763597725,0.012797708715034273
c.205A>T,0.14576487681642258,0.8710788237289167,0.2430206873109283
c.174A>T,0.17417357974175862,0.7212469775392123,0.25138090726214934
c.173A>T,0.78515990975281,0.8269989152292416,0.5404540324900396
c.456A>T,0.913127567848502,0.12831790153587508,0.580014926492728
c.583A>T,0.2916247898910018,0.5874758271369833,0.3577494049779075
c.876A>T,0.7751116187283948,0.21786409362411652,0.5242588350455833
c.10A>T,0.42107511171539713,0.40285729029809303,0.6838006024979325
c.785A>T,0.17921401158157124,0.004158327909371873,0.5719758074118966
c.896A>T,0.5727124144088369,0.28374765884927855,0.46169930162001127
c.492A>T,0.8311113311723832,0.5972873121778401,0.3269111701502513
c.651A>T,0.01636763353552584,0.18520783524745588,0.9311649680301264
c.269A>T,0.7732892178950257,0.032134043521039324,0.2586782015747312
c.665A>T,0.8280491803049818,0.9715739328391839,0.7046434610170486
c.719A>T,0.7280374669843309,0.8135561098446823,0.07212487196414108
c.479A>T,0.054478787728987066,0.8569600291563504,0.45569371799578595
c.224A>T,0.6657706823783622,0.21921243655245437,0.07033199614957386
c.690A>T,0.04406101137734475,0.6665767617529205,0.9098784680082592
c.618A>T,0.47057332550897857,0.7453836540964472,0.6177108146189226
c.595A>T,0.05823301222771737,0.3289316912925965,0.021478870287087393
c.214A>T,0.38492037280945657,0.4674276921871161,0.5613586532854882
c.450A>T,0.15267735600775212,0.6690292902562187,0.31480442416371457
c.512A>T,0.5212182286637504,0.8504765905554877,0.7627273599088419
c.585A>T,0.8661239675492177,0.8907124991819496,0.5635996998271288
c.366A>T,0.11019190853569938,0.7136530659210376,0.7972012693120756
c.216A>T,0.39701815555614917,0.12443194972208127,0.09935495920033177
c.475A>T,0.3599557566382051,0.020178267633066183,0.876279469669181
c.109A>T,0.2970805191756586,0.9123302142779316,0.6829079449814579
c.466A>T,0.33193526363710757,0.8066996533753636,0.20000318455237132
c.323A>T,0.8926860471122838,0.7593582432574376,0.7862703333265839
c.504A>T,0.08805105431941296,0.3464044345878766,0.19386768680296718
c.512A>T,0.7772279220370342,0.7288149213912919,0.8610728462412822
c.749A>T,0.40080611997329973,0.7365590869742872,0.28019399154049873
c.227A>T,0.1336824265085791,0.03560410061781716,0.544574267896713
c.643A>T,0.5651133061518565,0.8951823055951792,0.3599073444977131
c.58A>T,0.8169613062201486,0.6355392028986708,0.14236560703174772
c.122A>T,0.30639301853370504,0.4922376573385828,0.5150798665225992
c.279A>T,0.6118468626449279,0.019919171357620225,0.126443648373483
c.506A>T,0.9028995979689871,0.07529810262933212,0.12794468745894905
c.944A>T,0.6940260247544541,0.7912355189653603,0.8127954454925536
c.240A>T,0.638493968004519,0.07988270756853011,0.35636704349668513
c.897A>T,0.9057131911672708,0.8301538537866392,0.04925393939234601
c.844A>T,0.9604965388790397,0.2279018724222407,0.10435086528529514
c.717A>T,0.8793662995338253,0.663761792571434,0.254951743868738
c.720A>T,0.1219628618337022,0.7268930489307055,0.18569236592613703
c.411A>T,0.7600960543975118,0.16698842905849565,0.01000141610600147
c.818A>T,0.9569648795971695,0.6472562035805177,0.31089941313398595
c.836A>T,0.979450274769949,0.5254891288280928,0.459494367071532
c.632A>T,0.4964055799837449,0.8952586270427176,0.542272178423601
c.381A>T,0.06185703205508786,0.14001412310373196,0.9437399465835499
c.305A>T,0.2706652410946959,0.3652541525249756,0.21403190621711454
c.900A>T,0.7578304181740142,0.19524698413512342,0.6375028308518261
c.874A>T,0.37930947645794166,0.9108199837628764,0.22619270708015327
c.207A>T,0.3359534304971391,0.021387615494505408,0.9990119677935207
c.504A>T,0.3341053368984005,0.12388473280816537,0.7631830559148554
c.636A>T,0.39797801924020415,0.5834947025398107,0.12543910904779876
c.939A>T,0.8118394772921425,0.05422244439004853,0.7183027777409811
c.637A>T,0.30082112893016144,0.8662256387981134,0.32367046457735726
c.143A>T,0.9682004297338677,0.22705857629588377,0.7258916199422472
c.953A>T,0.6217808881707236,0.8042038680938787,0.02621550882430035
c.523A>T,0.06439529392970667,0.6422821771823909,0.823353611122191
c.724A>T,0.27353803070864013,0.07628663191678742,0.1543747747786094
c.563A>T,0.5111399818050218,0.18619956874745736,0.6624847670529529
c.728A>T,0.3430419048049794,0.8546422386219212,0.6052413323101474
c.471A>T,0.7461435733925418,0.6274475729338143,0.004501686780211789
c.29A>T,0.25675319280252695,0.8737681789073168,0.6986603109642706
c.196A>T,0.3188505577906935,0.8871593345758655,0.46897812837123054
c.304A>T,0.07673447868352778,0.1508684172545134,0.5279870448510037
c.522A>T,0.43846623906114124,0.24723483829396753,0.9323962057751584
c.74A>T,0.34721459674424715,0.9660035708013806,0.4003328195963506
c.924A>T,0.966009159636979,0.7009965095316691,0.4773642329166662
c.902A>T,0.381392082324594,0.5439297334585177,0.49286961908360927
c.880A>T,0.09818331192150531,0.7070771976674768,0.7686731687422383
c.151A>T,0.4874821088074628,0.6373572331871781,0.4677708657142491
c.567A>T,0.6256169471380514,0.8715402281962911,0.3947297473852268
c.567A>T,0.039696962833181915,0.533942291224932,0.05095833059391475
c.684A>T,0.7655555545399467,0.9959400385267234,0.9299223610053998
c.361A>T,0.3462277031085349,0.05586213039676957,0.3191743097888651
c.978A>T,0.13781357794460458,0.6615918705959675,0.49492753148718593
c.580A>T,0.8859295256472495,0.27066071488119636,0.6702179396706751
c.638A>T,0.49942420972120927,0.8228824937492492,0.48363779164724996
c.807A>T,0.30720868103886256,0.8230457016564547,0.468338146027261
c.547A>T,0.6395708512542563,0.2284232890024228,0.8536696335652109
c.44A>T,0.33958652975560677,0.312049104098867,0.3850307529732342
c.280A>T,0.8442175121416947,0.9979135750857793,0.6379817559285738
c.233A>T,0.68270882036674,0.6074471685454566,0.20305268571876534
c.939A>T,0.7502296260078662,0.20402385209767349,0.6571304833034273
c.424A>T,0.2906618813308667,0.009175788791603967,0.32063542073014173
c.159A>T,0.5342303820986283,0.10670230713569351,0.6491469053324899
c.544A>T,0.40831975224410777,0.8961977888895604,0.8554661556817775
c.261A>T,0.560769668232525,0.4363604247445504,0.48492425446772813
c.999A>T,0.36020839658756376,0.2921197469651696,0.9618197043699046
c.125A>T,0.9361814894185155,0.6608439691317891,0.4065252436242589
c.16A>T,0.055268169466579864,0.04727406540149659,0.40169602016705086
c.32A>T,0.7651966952721713,0.22807152449422963,0.20594885473976088
c.492A>T,0.9365198876185533,0.08454765379000195,0.4073674928397403
c.287A>T,0.48144241097723983,0.7507707410587854,0.8024347828475393
c.441A>T,0.20014096274242132,0.17143778087002248,0.2458916489470565
c.525A>T,0.6802591760177009,0.33049890154845263,0.8860689223733366
c.544A>T,0.06034930371697467,0.4236209623998387,0.6652232439673003
c.356A>T,0.6945347252865361,0.5034764548514151,0.998197043410285
c.49A>T,0.5242450468546861,0.9513081610542017,0.9876632895672202
c.764A>T,0.8700637836815976,0.36424848556382283,0.9822713925062306
c.509A>T,0.444204919292539,0.05802499086393853,0.8366678340008886
c.747A>T,0.40101109118029943,0.5041086794341777,0.7965647616819806
c.747A>T,0.3405983556487262,0.04193006114001063,0.34034950928102525
c.153A>T,0.46313164261402806,0.9406999366551319,0.9395021342880774
c.285A>T,0.9910556580537233,0.4717088692524165,0.648078329954566
c.543A>T,0.14710073191876094,0.009068623651762642,0.3468491165488591
c.284A>T,0.34200937231378803,0.495772820178646,0.3892800668122971
c.303A>T,0.5649643059768333,0.6835442783200859,0.9719681661866786
c.519A>T,0.7620849324139657,0.29795108627205624,0.7086520552480788
c.858A>T,0.7085880984125215,0.23716775716420568,0.7301342215903398
c.447A>T,0.4358073605192553,0.5143425617852098,0.2706094926173499
c.870A>T,0.41806022532817566,0.7545541092325151,0.9602104005694563
c.949A>T,0.2807523971651529,0.1706986513778206,0.07873262602128306
c.269A>T,0.6909114468988938,0.3218525519659854,0.8027618087273829
c.774A>T,0.5126652344377093,0.8698443839675835,0.4562446772737584
c.522A>T,0.826047192417028,0.002301631782083202,0.5157891368994764
c.176A>T,0.8694263749819174,0.830512894230717,0.49544577743745954
c.534A>T,0.6615589179105482,0.8429621577377001,0.07204367198538253
c.110A>T,0.2399836253852038,0.11526480699926978,0.3833249446489073
c.971A>T,0.07285240143865412,0.6529275429045146,0.37763902317066955
c.879A>T,0.46762139150907134,0.22004683456945373,0.7486189694811409
c.419A>T,0.3161809798700509,0.7331630589592008,0.5515695200949926
c.620A>T,0.5642182225809668,0.8826662201785708,0.6213503077224926
c.822A>T,0.7845381464943066,0.8059000201595519,0.7011619618309718
c.375A>T,0.15859263238856658,0.41540966473131646,0.3570943151913437
c.15A>T,0.23090880277522352,0.2197203062152726,0.72060785005808
c.606A>T,0.3815861155601764,0.28705828014848755,0.8024762631268086
c.367A>T,0.5107180569625984,0.36280073242345756,0.8114582985730561
c.764A>T,0.17858453120493456,0.37501597769970774,0.7131775664779214
c.324A>T,0.42578046958899607,0.5566774267503489,0.6933259107409313
c.474A>T,0.26907956821180634,0.14766856385614657,0.47618013157372585
c.162A>T,0.4592240357310844,0.8616451830631915,0.2686084861664575
c.868A>T,0.9275196833531867,0.08788801982705541,0.3829413193679372
c.149A>T,0.6628493277634326,0.27833688475911256,0.47862330534417474
c.416A>T,0.7902363766209612,0.3400505301288822,0.7614956938939493
c.864A>T,0.04055400872060788,0.23507082465574947,0.14455741297911806
c.449A>T,0.4804699321455551,0.5005857079796603,0.42495662229877285
c.600A>T,0.43316165799274786,0.04782343245853715,0.11028361453117408
c.173A>T,0.9365092950615869,0.6966177156888957,0.684731871708783
c.275A>T,0.12087972902108335,0.18291096887333957,0.7257769931907659
c.304A>T,0.2341273259877067,0.230147429130807,0.5613999259839079
c.921A>T,0.027228565494705315,0.5723301937389558,0.3968954422824952
c.850A>T,0.0383822778570263,0.5077261828025028,0.593674689485645
c.725A>T,0.7683137320710509,0.5006322523383205,0.02646530478004261
c.613A>T,0.23807907538612783,0.7062056866056209,0.684061785903743
c.550A>T,0.9787820894082155,0.5735746504113681,0.07288825346801242
c.51A>T,0.5944280744672574,0.7928766899364577,0.8006137844537423
c.843A>T,0.8368418788696591,0.27302781802917586,0.0877425161732237
c.802A>T,0.557682251527909,0.5032480230343214,0.523983430290736
c.576A>T,0.4344969424617644,0.15541937321285293,0.009115224599228755
c.624A>T,0.27232421194790324,0.7447824860953964,0.42834805699807255
c.704A>T,0.9716418082392994,0.5018303393472525,0.44369106790774926
c.715A>T,0.6319707653745452,0.40105559620227504,0.12321083028165147
c.897A>T,0.5045143857853831,0.7198166821191937,0.7153691491075709
c.113A>T,0.9561064859878902,0.9422683768522553,0.3914194933900166
c.639A>T,0.9354539678824983,0.027015623567198555,0.2253606061926825
c.503A>T,0.7014795886837144,0.8230453510043326,0.4951347217342954
c.362A>T,0.34696920190593294,0.14607283987138586,0.22530280254919144
c.912A>T,0.18702018244603502,0.3679135370960347,0.527644421898788
c.460A>T,0.17974617637562518,0.9901599379168563,0.8009539049503809
c.436A>T,0.515700989587672,0.8174341934072973,0.35729317527372706
c.237A>T,0.4112301309408869,0.06976789132893857,0.998877129489212
c.875A>T,0.0954901638169725,0.8472003994442516,0.09452639787419115
c.339A>T,0.32973933619370566,0.6613268541598669,0.561023123941283
c.571A>T,0.07419388543208394,0.23703579531950925,0.30290897095600977
c.535A>T,0.42014394429319957,0.2080838061341559,0.20364384780728528
c.519A>T,0.07132275881914585,0.5371356470758373,0.8426356574893382
c.302A>T,0.4273326260200673,0.6835547691714812,0.719246812648699
c.856A>T,0.19602663682420784,0.38958505525180986,0.9341672470685602
c.644A>T,0.8297453557303346,0.49599938287857526,0.13878262737085134
c.796A>T,0.18526448985680255,0.9025201440398476,0.8440066365024741
c.893A>T,0.7329141352861516,0.06944895556957476,0.2701226061134988
c.304A>T,0.012867673454524442,0.18041282754746357,0.7916166700505742
c.578A>T,0.15474497413275334,0.27730328262921367,0.5137914144997484
c.339A>T,0.8247873295750392,0.008106473232557088,0.15088126767361953
c.691A>T,0.891361197127497,0.7163430069800022,0.4996749367385075
c.659A>T,0.322650820860683,0.2857282213747465,0.4200431853547649
c.648A>T,0.5586157417473893,0.6791590461889867,0.5261219219270281
c.465A>T,0.6266415572017094,0.5480398155051476,0.9907025589626774
c.768A>T,0.930503048603676,0.6781213313126578,0.040343740985458565
c.912A>T,0.8491283584076079,0.8979186672833966,0.37513579980208345
c.487A>T,0.06836928636138773,0.2338934693998571,0.6131861412599717
c.400A>T,0.1991939009217314,0.11941098023807417,0.03295126178450625
c.421A>T,0.11138798681211792,0.8020201289044964,0.8675873358812531
c.303A>T,0.1897384300796059,0.584671833411829,0.2923468881352248
c.861A>T,0.7886659300842033,0.015024007494212732,0.12356473725852346
c.33A>T,0.500010783701868,0.6749503970755021,0.22437431095203075
c.26A>T,0.3042596018820063,0.754034767464239,0.13709955083919934
c.964A>T,0.8432242327717283,0.5500448830384811,0.3833579614864667
c.294A>T,0.1771295746994893,0.01865024226426093,0.286322491663924
c.369A>T,0.31584343969030026,0.8852728488382626,0.5673143406859272
c.410A>T,0.09940624449948565,0.9717071533138083,0.837675189069696
c.718A>T,0.7089081346300644,0.6583518349167095,0.3103656232582913
c.79A>T,0.6258232932299767,0.037146533900262346,0.9464442127691928
c.435A>T,0.6749351881994095,0.5090372872921205,0.8294787274306632
c.230A>T,0.37357618196972375,0.19026823966774908,0.0318670864527969
c.53A>T,0.7447284411765798,0.8839351960625574,0.12519453857443308
c.130A>T,0.20427690648226648,0.5924894845375371,0.564897548760991
c.186A>T,0.38736323716363186,0.36183988204332984,0.023115323025186152
c.155A>T,0.02043502916013451,0.6501291803074094,0.6249828888256166
c.562A>T,0.7247457457911483,0.6869712442611331,0.7186955678486353
c.708A>T,0.9249910083900496,0.170594398336392,0.553951206191138
c.338A>T,0.8702450925553622,0.9555326527744172,0.9603519728421834
c.217A>T,0.5671736678742503,0.6494888507144825,0.3751010881181529
c.784A>T,0.31313623817215175,0.5092956468723906,0.14785641627529356
c.279A>T,0.020958426481641923,0.36760338764139966,0.7533375522622904
c.921A>T,0.5869520141009595,0.5076685132846449,0.26884343183860215
c.505A>T,0.816915790173531,0.7001776811823038,0.3483563769764685
c.650A>T,0.7789823719626372,0.2461966626464922,0.7221600103182488
c.876A>T,0.1893023133688112,0.8762361898376456,0.6996593577077499
c.502A>T,0.2357997942043667,0.9526155041033431,0.6668465102774576
c.934A>T,0.25108429194861137,0.6574809913562818,0.5881210998237418
c.350A>T,0.9692167497034364,0.7146874087523315,0.7095421441818771
c.289A>T,0.53445092945401,0.13336906271305438,0.8051441828588977
c.867A>T,0.2028299900283127,0.6241469026131548,0.6617159535189061
c.236A>T,0.07636502908370968,0.5429020138168675,0.19591490514599752
c.980A>T,0.9802159117346995,0.711273745117234,0.7375570300219938
c.970A>T,0.3054768952039937,0.17410293325240023,0.30775722115325166
c.358A>T,0.33347401806315446,0.2390350825444727,0.41079291269984364
c.827A>T,0.6694349347711402,0.6644743831117982,0.9965715373360339
c.980A>T,0.5441383255701352,0.6622127216128827,0.4416732381915178
c.753A>T,0.06718042332981955,0.9910382294456297,0.586923067751478
c.283A>T,0.9509760330526702,0.019387876488710876,0.7452714277504547
c.148A>T,0.6214808676674307,0.832331359493217,0.33249348464697714
c.522A>T,0.5117696209125858,0.43694908211404726,0.6216885684170567
c.985A>T,0.644094845287106,0.46406272839608087,0.15049608041878304
c.74A>T,0.48988153856907124,0.07362559967863425,0.3939824372889983
c.900A>T,0.46487711055194103,0.17158145031628902,0.5143029143103126
c.39A>T,0.8051691401852288,0.600698945633277,0.38140068754950907
c.787A>T,0.4851499390245564,0.8849586687663688,0.37713192370749593
c.734A>T,0.7488146589530834,0.46622428370730196,0.366140295065868
c.938A>T,0.8192221039644323,0.9667843061452847,0.5471377510613937
c.897A>T,0.9631868016593662,0.6036780452266278,0.6360081918902549
c.223A>T,0.740212834697299,0.7335385040887068,0.40210269376360586
c.817A>T,0.5837132985749626,0.10060977270413118,0.40043272835100663
c.661A>T,0.5674994425743946,0.6181681270587455,0.45107701080582985
c.770A>T,0.08026074814279338,0.3871049092664026,0.9951647822740315
c.557A>T,0.2364638774281277,0.6249776458573952,0.6412959003911749
c.744A>T,0.9255739712827611,0.02170859788108892,0.8577717842450406
c.585A>T,0.9399213846525059,0.009795879022396203,0.4806788876768129
c.269A>T,0.46599544689548045,0.36074736298320975,0.7688271420541186
c.498A>T,0.7562119612162161,0.5789779059713698,0.6130777982723165
c.808A>T,0.34364825498033214,0.27388265334575557,0.08353814771115597
c.464A>T,0.1600834419171393,0.729849084539986,0.5370880835955402
c.67A>T,0.3454318239691956,0.6070950744989602,0.876224515169579
c.891A>T,0.7787352258130444,0.7592161392001543,0.8819657911214117
c.403A>T,0.6233389021444976,0.21022467937042733,0.7862242699039931
c.357A>T,0.9774710268489507,0.12755635634848184,0.7256540706503787
c.364A>T,0.8056632521340641,0.900407337002714,0.6448914633666973
c.48A>T,0.3432420447542165,0.8232114449033809,0.8204648946312457
c.604A>T,0.9721544047648526,0.662125534389788,0.5362577451238774
c.718A>T,0.7513343270586919,0.541937433180041,0.4113055859860192
c.58A>T,0.18741731889941193,0.5298251154143896,0.9979457392060621
c.497A>T,0.7457731106503841,0.5097367927208649,0.8410978486034947
c.491A>T,0.46345935578313713,0.08948474807033546,0.05134083087115693
c.695A>T,0.5961324085155252,0.20909053008159584,0.07147554824581936
c.306A>T,0.5469377197687104,0.9207940185958432,0.3547852569051192
c.185A>T,0.8379994567482992,0.5011346495466386,0.19290253351565312
c.898A>T,0.12924549117210282,0.8488726860280882,0.12744723248259826
c.592A>T,0.09027270463583337,0.9585992407285382,0.7020225365564372
c.297A>T,0.43547078307309395,0.6221038787437285,0.866408519359031
c.938A>T,0.4584628476025433,0.8129708996218195,0.2528392852902068
c.44A>T,0.19402525789698855,0.3630146289346773,0.7256872059167078
c.13A>T,0.1193836091225492,0.11829958801965335,0.9331639994773548
c.350A>T,0.8491913871867529,0.6698934715206672,0.9127373985932888
c.788A>T,0.09050452407101706,0.9054874993135414,0.12996461503810197
c.145A>T,0.3349513219392395,0.8236505252894575,0.7845353105475974
c.838A>T,0.9203274030956681,0.6728037509320755,0.8526091636829167
c.643A>T,0.3590244245659714,0.6770844170222203,0.7468860732744008
c.710A>T,0.9302545766096301,0.7224557765826242,0.7124394569635663
c.224A>T,0.03722384445916449,0.15454850327781589,0.9167543084619167
c.568A>T,0.4816567398324245,0.17222557704741337,0.14139688184104526
c.923A>T,0.5744870634721968,0.13940520596845407,0.8723380310276154
c.904A>T,0.9640363101050441,0.6759050077340621,0.6188972248977859
c.591A>T,0.5091584809644697,0.2533286954475634,0.683774233712422
c.97A>T,0.7568290776079861,0.8439228992563708,0.4376955393798886
c.890A>T,0.6416826086988474,0.989110299420867,0.5894504118572326
c.607A>T,0.0415618720989398,0.7664569990559413,0.8660154815747537
c.265A>T,0.31158991004849723,0.28224165908261734,0.8871914849923135
c.515A>T,0.7050326876658652,0.5714699102433924,0.45490415606819323
c.591A>T,0.8347444319563962,0.00950633246181698,0.3140895361020811
c.121A>T,0.4976162901722281,0.48242451095113215,0.6466804044818754
c.837A>T,0.3559139456789172,0.8580864479271385,0.6026461257114174
c.306A>T,0.07678188967394028,0.717268274737173,0.42423090383475126
c.803A>T,0.5544307800030487,0.929383249679365,0.7129430859560337
c.974A>T,0.039351938048141855,0.7036904881401626,0.019109941126125074
c.717A>T,0.8003249217392578,0.07498782423547456,0.7699216283171282
c.622A>T,0.005435456108776049,0.644054579225729,0.7337859143400152
c.443A>T,0.7049531160113734,0.24751145400037422,0.5178002325144336
c.203A>T,0.11606269406375014,0.07926307212473171,0.26454331813065346
c.3A>T,0.9593600079051016,0.9882412296569021,0.11631167997322733
c.356A>T,0.31561197797700424,0.4074314232251759,0.748587200859913
c.267A>T,0.452064027344788,0.2129812293033012,0.4910994180414936
c.354A>T,0.5142161676204879,0.9622234621278684,0.12840178184361417
c.624A>T,0.3336006528538591,0.897702865878691,0.3088016573114628
c.999A>T,0.35814738619377284,0.6996756787323751,0.26603828825518505
c.812A>T,0.006499461545657281,0.3624527111499686,0.18864868941123314
c.595A>T,0.06975244780954737,0.9244559813976949,0.18632049820833407
c.75A>T,0.9998286243191316,0.576906291192639,0.7557132966790007
c.599A>T,0.13469614921725426,0.9171522957255486,0.9722328916387948
c.550A>T,0.5237690511758396,0.8442076126036566,0.3441805407174532
c.750A>T,0.38001326303445504,0.8103265098731354,0.7287125577284109
c.561A>T,0.3413779351746524,0.534525031426744,0.4023039015478911
c.383A>T,0.7628875432959843,0.903694267903222,0.9072202865974018
c.818A>T,0.5633187699885039,0.5224948406269974,0.30586389321270624
c.298A>T,0.5452089544832224,0.26730416241467936,0.3919407510320253
c.316A>T,0.5339186472018652,0.5068155724655693,0.06841905891082412
c.62A>T,0.040367260175242614,0.8908294519341691,0.14756141746201412
c.10A>T,0.6523334077128269,0.5486537220293806,0.9892569261100987
c.427A>T,0.3796184445504637,0.9308273611260588,0.17302301011457855
c.692A>T,0.8014426430486162,0.37844171031315876,0.8197861296910892
c.919A>T,0.9362363375846583,0.3428983291599689,0.3683631558392503
c.823A>T,0.1628763355210472,0.06924498710840943,0.6179575044255817
c.252A>T,0.5560468821665122,0.1478202252223363,0.9365053119416256
